      -6.7199998     -0.19031058     0.078706428       31.521086      0.23290327      0.13921833       20.924957       57.241524      0.67611003
      -6.5183997     -0.18270491     0.070379332       30.133656      0.22468178      0.14160404       22.024120       57.541718       1.3905628
      -6.3167996     -0.17930624     0.058326203       28.565149      0.21041286      0.17609398       23.280041       57.558895       1.5847169
      -6.1152000     -0.18791793     0.052852266       26.707323      0.18769926      0.15396388       21.209141       57.622261       1.4715444
      -5.9136000     -0.19336425     0.053925272       24.114241      0.10660870     0.090896070       20.104738       58.029537       1.2519903
      -5.7119999     -0.19444026     0.062467720       21.841722      0.14501080     0.085905172       16.821823       58.030502       1.1327460
      -5.5103998     -0.17973249     0.063014433       20.143776      0.14133061     0.076236337       16.906345       58.377678       1.2646135
      -5.3087997     -0.17001528     0.063076161       19.641464      0.14896025     0.074184693       15.771417       58.558064       1.4292374
      -5.1071997     -0.15863879     0.057423148       19.418457      0.12449971     0.060698591       17.173372       58.717564       1.2242502
      -4.9055996     -0.15312006     0.050219215       19.760983      0.13480607     0.075480148       16.901592       58.850525       1.0736328
      -4.7039995     -0.14529440     0.040893618       20.335337      0.12254939     0.068164133       18.056465       59.039234      0.80620158
      -4.5023994     -0.13890950     0.033713289       20.796574      0.11658106     0.073941365       18.691776       59.300919       1.2701749
      -4.3007998     -0.13388926     0.024141314       20.206993      0.11936066     0.084403500       18.702635       59.385544       1.0182849
      -4.0991998     -0.12872404     0.014369971       19.608501     0.099619918     0.080945544       18.483099       59.529861       1.0532737
      -3.8975999     -0.12291099    0.0053678569       18.710131     0.085035890     0.079555474       18.402246       59.715950       1.0411986
      -3.6959999     -0.11226970   -0.0030174546       18.415943      0.10461396     0.081047334       19.482700       59.837784       1.2751591
      -3.4943998     -0.10259575    -0.013853743       18.010353     0.096385196     0.089531332       20.613840       59.954506      0.92220312
      -3.2927999    -0.093660839    -0.027395669       17.297298     0.081866533     0.092142820       19.844824       60.091820       1.0493227
      -3.0911999    -0.085516095    -0.035505474       16.229069     0.069918439     0.091128454       19.513056       60.156349      0.95333385
      -2.8895998    -0.076629408    -0.041289620       15.112019     0.070751071     0.096801363       19.254341       60.279598       1.0360998
      -2.6880000    -0.067020111    -0.046486732       14.343970     0.073473260     0.096915461       19.632021       60.391937      0.93853498
      -2.4863999    -0.054595564    -0.052280631       13.742772     0.073749311     0.095406502       19.732584       60.527634       1.0382664
      -2.2847998    -0.042420454    -0.057401944       13.103082     0.070443392     0.097571328       19.290518       60.690876       1.1779423
      -2.0831997    -0.031977404    -0.060554668       12.485272     0.072885804      0.10460026       19.457726       60.711567       1.0129230
      -1.8815998    -0.023407910    -0.062300939       11.423098     0.077188276      0.10618807       19.483122       60.815971      0.81532180
      -1.6799998    -0.015682442    -0.060436338       10.379425     0.061411012      0.10410576       19.512783       60.923416      0.87374258
      -1.4783999   -0.0062117968    -0.054412294       9.3927603     0.065120347      0.10666958       19.045870       61.019730      0.85045230
      -1.2768000    0.0022246398    -0.046919473       9.0649443     0.062125742      0.10468814       18.581711       61.141911      0.85981923
      -1.0752001     0.010003868    -0.038570240       8.9657192     0.061054911      0.10414843       18.265291       61.270123      0.75433624
     -0.87360001     0.016023016    -0.029781459       9.0168447     0.063134842     0.099873103       17.906712       61.363537      0.69961405
