      -19.199999      0.33132821      0.42894626       87.996582     0.032074522      0.13033019       21.206959       50.335793       3.4213138
      -18.591999      0.30445990      0.40142399       88.618233     0.038738158      0.11603165       18.506922       50.908115       3.0262730
      -17.983999      0.27995613      0.37937641       86.648643     0.037863519      0.11661957       17.261019       51.296848       2.8576591
      -17.375999      0.26258790      0.37692058       84.502190     0.036099657      0.11656836       17.700903       51.358917       3.2076695
      -16.768000      0.24460137      0.36785114       82.619286     0.028717138     0.080686986       16.577457       52.854832       2.4646912
      -16.160000      0.23294972      0.35599670       82.139366     0.055571537      0.11819448       17.666794       52.842648       3.0891078
      -15.551999      0.21575768      0.33269173       80.167435     0.041035578     0.087781683       20.012878       53.966221       3.2983716
      -14.943999      0.20093372      0.31980562       79.319939     0.052000314      0.12461963       21.561512       53.539665       2.9934647
      -14.335999      0.18321496      0.30194715       77.213226     0.052655064     0.070021510       19.485043       53.939743       3.2819338
      -13.728000      0.17051490      0.28874508       73.786316     0.042797588      0.10358883       15.575801       53.485622       2.4285357
      -13.119999      0.16054842      0.28549746       70.600105     0.049943328     0.095673099       16.054848       53.923393       2.8742225
      -12.511999      0.14933777      0.29338479       67.440491     0.030302903     0.083760336       16.384518       54.708462       2.6615489
      -11.903999      0.14426869      0.28972185       65.649124     0.053231303     0.063658893       16.619892       54.899761       2.6151283
      -11.296000      0.13618536      0.27539870       61.736115     0.042706009     0.067180149       15.883124       56.358658       2.6002395
      -10.688000      0.12889387      0.26390880       59.584263     0.043626279     0.068794943       14.765674       55.482639       2.8093176
      -10.080000      0.12248795      0.25065315       57.026230     0.051660690     0.065211378       15.877650       55.960606       2.7729189
      -9.4720001      0.11745650      0.24568196       57.708214     0.042096600      0.10025420       14.894682       56.861839       2.3470821
      -8.8640003      0.11347915      0.23423304       53.716190     0.040979698     0.089288265       16.581259       57.318687       2.1909833
      -8.2560005      0.10885444      0.21737006       49.823391     0.059652369     0.099480979       15.543736       56.926582       2.7640693
      -7.6480002      0.10212421      0.19878137       46.535511     0.067342296     0.096880369       16.425636       57.333847       2.4004138
      -7.0400000      0.10224551      0.17215534       44.235134     0.064643256      0.10908712       15.904929       57.485554       3.0556254
      -6.4320002      0.10316191      0.12921481       42.160580     0.057105545      0.13001890       16.293041       57.676491       2.3799303
      -5.8240004      0.10845836     0.068349920       36.580357     0.049816094      0.15328775       15.517091       58.789036       1.8683182
      -5.2160006      0.10754667    0.0053023747       31.851667     0.059013948      0.13969086       15.293722       58.841103       1.6837177
      -4.6080008      0.10011017    -0.029775256       25.884237     0.058910131      0.11161129       15.034450       59.325623       1.3193144
      -4.0000010     0.093068048    -0.046087641       20.583595     0.068813078      0.10095623       15.247041       59.807137       1.2338706
      -3.3920009     0.086663008    -0.051370900       15.838641     0.074714862     0.091913365       16.134350       60.072166       1.1116248
      -2.7840006     0.080369502    -0.054942679       11.556034     0.081594199     0.085557997       17.487946       60.428898       1.0588830
      -2.1760006     0.071811467    -0.057134103       7.4938688     0.089748889     0.086229794       19.551498       60.710793      0.96468651
      -1.5680008     0.063317545    -0.055733010       3.4256785     0.097964987     0.091026798       21.946392       61.002514      0.92138195
