      -6.7199998     -0.24947323     0.082629301       32.519703      0.10557919      0.13339199       45.858398       58.108624       2.6084955
      -6.5183997     -0.23998637     0.091998205       30.727339     0.077849880      0.10185581       36.248341       57.907597       2.6009898
      -6.3167996     -0.23030049     0.097171724       26.933287      0.13748059      0.13144980       29.664976       58.658367       3.0993841
      -6.1152000     -0.21451788     0.092105657       26.636959      0.11941162     0.080761537       28.916925       58.761951       2.7738051
      -5.9136000     -0.20146194     0.090717487       24.248541      0.15230870     0.091979221       27.170637       58.659637       2.7769361
      -5.7119999     -0.19470674     0.080292024       24.774927      0.17980552      0.11488702       28.131609       58.518597       2.1401460
      -5.5103998     -0.18440329     0.076922998       23.171276      0.14197886      0.11091781       27.799482       58.955074       2.3649864
      -5.3087997     -0.17711699     0.072122909       22.185101      0.15449010      0.10803233       27.661440       59.186066       2.5046890
      -5.1071997     -0.15974122     0.069620915       22.056578      0.17948124      0.10512697       28.214317       59.162525       2.5942397
      -4.9055996     -0.15205315     0.058101546       21.834002      0.17124829      0.10753772       29.972752       59.581303       3.0279717
      -4.7039995     -0.14630590     0.050636504       22.350111      0.15064713      0.10589781       30.277880       59.354492       2.1328473
      -4.5023994     -0.14090344     0.042301983       22.802315      0.14146967      0.10416800       30.019403       59.489471       2.1478593
      -4.3007998     -0.13405378     0.034805287       22.735960      0.13910787      0.10099353       29.994797       59.900131       2.6685638
      -4.0991998     -0.12590460     0.025697436       21.874962      0.15141715      0.11571840       30.622009       59.771919       2.1771944
      -3.8975999     -0.11872523     0.018819146       20.262613      0.13893807      0.10725076       31.143345       60.004951       2.4481609
      -3.6959999     -0.11188752     0.010961288       19.162031      0.14504331      0.10364689       31.037264       59.993328       2.1801674
      -3.4943998     -0.10239487    0.0025109344       18.406788      0.12781192      0.11256703       31.494455       60.202808       2.1204407
      -3.2927999    -0.093848892   -0.0070684110       16.993473      0.13604718      0.11704399       31.269245       60.186535       1.7110338
      -3.0911999    -0.086602136    -0.014346876       15.278430      0.13064778      0.11086252       30.701777       60.258499       1.9097862
      -2.8895998    -0.078907862    -0.020506624       14.095467      0.12052841      0.10723306       30.083817       60.339733       1.9119401
      -2.6880000    -0.068588927    -0.026267132       13.339483      0.11737619      0.10857334       30.108805       60.599701       1.9386044
      -2.4863999    -0.057884362    -0.029998127       12.553926      0.12048569      0.11335226       29.857384       60.511116       1.4073812
      -2.2847998    -0.048889272    -0.030525045       11.784275      0.10502689      0.10998632       30.262983       60.699413       1.6845502
      -2.0831997    -0.044287238    -0.028309058       11.105231      0.11874749      0.11020345       29.942940       60.754505       1.5751616
      -1.8815998    -0.034689710    -0.027868174       11.051599      0.10116190      0.10624576       30.688326       60.885574       1.5588681
      -1.6799998    -0.026876612    -0.029491074       9.7661657      0.10924562      0.10903347       29.552902       61.052891       1.6738869
      -1.4783999    -0.016116932    -0.029922010       9.4666061      0.10478292      0.11182225       29.408455       61.082886       1.4240443
      -1.2768000   -0.0079490887    -0.027941629       8.6977797      0.10595868      0.11005663       28.486677       61.269756       1.4052765
      -1.0752001    0.0012612237    -0.023330489       8.6691084      0.10079125      0.11106184       28.458801       61.363438       1.4333371
     -0.87360001     0.010468071    -0.017493615       8.4778576      0.10978854      0.11017151       28.246080       61.442951       1.3030879
